0.7749369029625138
0.8902909023343807
0.8473901006174914
0.8068366608447697
0.8640063674043736
0.8422368559656622
0.7832832438699603
0.8175820947854519
0.7122575222666375
0.8053082459708966
0.8554315476190476
0.7918761886493716
0.7505497553155719
0.78167029090162
0.7536597048692945
0.7505430207551911
0.7728508771929825
0.7766629000084883
0.7383420547706262
0.8109056529520671
0.8204939650602713
0.7522194595060023
0.8295983808643232
0.8429898275099514
0.8790559765985988
0.9416666666666668
0.7323396174604041
0.5874010942760942
0.762583817370918
0.9606481481481483
0.8157551710789023
